33
59
29
9
47
7
5
38
8
49
25
23
19
45
54
67
75
55
99
85
45
79
46
29
74
23
82
81
25
65
75
54
93
1
75
71
63
92
77
36
66
58
49
69
32
50
58
15
68
8
62
4
75
82
42
54
13
1
35
25
25
23
13
43
73
71
30
18
70
82
5
83
77
64
19
87
30
77
96
24
65
67
14
18
4
72
78
11
59
22
59
63
57
53
12
43
45
7
95
61
20
40
45
86
4
79
26
12
63
54
24
36
4
11
59
57
9
95
40
2
92
20
59
48
24
41
26
25
53
76
42
24
81
36
4
26
23
28
15
24
46
66
47
5
98
23
59
46
93
54
34
50
66
93
68
1
80
96
62
62
53
2
59
87
13
99
55
67
8
34
34
81
81
16
56
26
72
54
50
2
82
79
31
98
42
91
57
87
68
3
45
27
65
52
70
45
8
60
92
98
67
92
39
59
20
53
69
51
38
42
29
27
46
61
80
74
70
61
46
21
42
68
99
5
89
8
16
29
45
12
19
13
62
52
34
90
40
71
79
89
23
7
50
26
74
19
80
5
72
96
74
47
14
72
56
99
92
35
70
12
37
40
6
26
23
16
64
94
28
90
34
98
81
57
97
36
18
73
30
71
28
12
56
49
37
72
98
89
95
34
97
6
2
67
52
83
1
24
4
58
54
85
77
82
62
75
65
57
74
21
81
20
6
99
84
25
83
57
89
51
18
75
99
93
92
29
97
15
5
15
35
94
70
71
17
42
35
73
86
62
8
41
15
74
52
77
1
2
82
27
99
44
35
53
41
79
86
83
90
34
77
50
53
60
86
87
50
34
82
43
90
10
71
27
43
76
60
25
42
15
28
95
33
77
15
91
60
18
31
38
56
51
83
52
84
57
88
54
88
65
28
67
20
40
36
89
73
8
10
65
19
61
42
75
7
82
18
75
46
95
28
32
4
45
87
40
27
19
43
85
87
6
37
76
87
61
76
92
41
26
18
52
8
65
19
94
9
9
46
3
40
14
9
93
38
95
63
75
53
96
63
54
65
24
77
13
25
65
87
45
6
25
34
20
77
75
25
38
26
92
31
18
73
40
46
74
96
43
39
91
97
2
40
45
63
64
87
84
87
7
69
43
21
1
96
15
79
89
17
62
71
26
50
60
66
45
80
25
77
4
17
82
27
96
47
5
84
89
57
13
88
40
50
20
23
87
96
73
44
32
94
8
27
76
20
72
52
80
79
18
83
62
7
84
89
87
17
25
53
91
30
90
33
4
74
31
75
30
37
78
49
8
81
46
10
9
55
50
77
74
53
5
11
40
30
27
34
66
30
36
70
72
20
52
2
4
75
23
3
88
97
22
43
1
68
75
80
60
74
81
32
67
47
78
38
26
80
93
73
48
97
9
1
2
8
77
88
29
45
7
34
33
47
88
77
32
61
10
71
54
46
73
92
49
4
3
25
41
15
75
24
82
49
54
91
88
21
42
92
91
86
51
16
68
47
99
21
59
2
7
64
70
22
19
3
24
17
52
97
6
52
48
15
69
83
52
83
92
97
89
11
20
18
79
68
94
58
25
2
5
82
66
40
8
12
53
60
30
52
68
71
69
44
87
40
39
37
46
85
95
17
28
61
12
95
45
53
43
51
8
65
92
50
93
23
85
9
8
58
30
91
53
40
30
18
42
75
30
40
29
58
13
40
7
88
54
5
28
12
67
1
18
79
45
3
78
19
50
64
54
31
30
88
55
4
63
87
32
93
54
69
23
4
23
50
53
53
44
6
69
80
80
95
91
30
74
74
95
27
39
23
26
66
85
97
29
25
84
3
25
66
73
34
58
97
77
14
56
95
50
26
75
45
94
73
51
35
96
26
30
89
92
5
54
31
44
56
18
26
22
28
68
42
80
3
8
46
37
93
52
60
18
1
77
14
48
80
71
12
47
93
28
59
73
36
74
68
79
28
54
22
95
31
73
22
57
33
64
92
66
5
97
4
73
69
71
92
28
41
82
63
84
7
78
28
99
10
68
45
29
39
67
9
39
31
64
87
27
55
57
15
16
79
46
43
96
25
85
5
64
81
40
39
45
91
37
89
52
46
22
47
65
20
63
27
37
88
64
43
5
83
65
73
84
67
47
6
60
36
32
75
25
64
80
47
98
29
63
48
93
75
35
81
33
10
50
96
16
19
6
8
61
42
99
81
17
67
54
78
44
32
29
17
15
47
23
1
39
16
28
9
26
16
50
29
48
84
40
75
17

